`I` <-
3
`J` <-
3
`Y` <-
structure(c(50, 55, 60, 20, 17, 0, 0, 10, 9), .Dim = c(3L, 3L
))
`X` <-
structure(c(1, 1, 1, 0, 1, 0, 0, 0, 1), .Dim = c(3L, 3L))
`S` <-
structure(c(70, 82, 69), .Dim = c(3L, 1L))
`C` <-
structure(c(1, 1, 1, 1, 1, 0, 0, 1, 1), .Dim = c(3L, 3L))
